6.944879 -103.359322
-14.945180 6.963335
-14.181746 7.832377
-14.093526 8.293087
7.309600 -103.744621
8.636811 -106.680992
-14.256854 9.532020
6.268786 -103.340057
-12.952397 8.797149
-15.578377 7.528984
7.414897 -105.920746
5.379940 -102.636665
-14.926000 7.807150
-12.716790 9.172884
8.084277 -108.199860
8.587566 -108.444229
8.110263 -107.105431
6.650180 -103.848289
7.463343 -107.774803
8.130835 -104.558006
6.025018 -105.983864
7.675640 -104.307350
-12.798723 3.504210
5.035454 -105.166405
-14.898607 11.274561
-15.566029 7.223726
5.231520 -103.895699
6.951303 -104.638863
6.798855 -104.105728
-14.949396 8.518014
-15.386983 7.928299
6.221424 -105.699799
8.927191 -106.630318
8.416628 -107.815926
-15.007467 7.511168
-14.351291 6.417916
6.718673 -106.260986
7.378378 -102.940971
-13.346791 8.901872
6.287476 -103.425186
7.005072 -103.262085
-11.998388 7.868175
-13.462420 8.836142
4.859187 -104.477592
9.019704 -105.588684
-14.937621 7.826649
8.517529 -105.211220
-14.337209 8.636435
7.698888 -105.141190
6.191609 -102.787529
-20.601669 -52.717438
-18.891287 -52.925636
-20.929024 -53.161049
76.800293 -56.039959
-19.386511 -53.094589
79.753174 -54.511307
-17.570312 -52.669033
74.359764 -54.760174
-19.866285 -53.053078
76.075058 -56.274151
74.062347 -55.431625
79.777817 -53.375385
77.173706 -52.809967
-17.670616 -54.574894
76.153671 -54.575554
-19.973516 -52.558353
80.131233 -54.179356
78.266541 -54.364479
-16.281216 -56.340328
76.900299 -55.200359
-16.033596 -52.206829
78.440681 -53.077202
-16.568813 -55.714691
-18.545670 -54.989388
-19.036095 -52.969986
-19.551573 -52.687351
-20.443413 -53.273029
-21.274111 -54.141991
-18.788370 -55.039177
75.896980 -54.922783
76.337502 -55.875439
76.174316 -55.514877
77.764992 -54.259033
-15.398462 -54.828384
80.471848 -54.818550
-16.380196 -51.748661
-20.315647 -53.112610
-16.234840 -56.527264
79.282669 -54.041378
77.217369 -55.604027
78.569458 -55.441662
-18.261030 -53.717781
77.629318 -54.712559
73.999557 -54.767323
78.512611 -54.656036
79.425110 -53.854359
79.048195 -53.967293
-18.744425 -53.752041
74.335503 -55.020000
78.630035 -54.081306
98.776108 -55.029896
-13.988532 -54.124989
98.743370 -57.987507
95.765434 -57.718002
97.016701 -56.250298
100.405914 -59.643124
75.008209 -45.240471
99.185440 -59.107498
97.010315 -58.517128
101.367996 -58.709896
95.271866 -55.701069
95.308044 -57.506908
96.427650 -56.032879
-13.515080 -53.849888
-13.391439 -53.053547
97.743011 -56.169643
95.917160 -56.901932
101.043137 -59.797459
100.570663 -60.132397
-15.135094 -56.127602
97.041550 -54.906162
-14.095103 -53.161182
100.028030 -59.733353
-16.025404 -54.891869
97.269714 -55.291237
98.847717 -58.618702
-16.522907 -54.631004
-15.956722 -54.392212
96.352776 -57.072609
98.227486 -58.692772
99.152260 -59.184635
100.890289 -59.162724
96.501350 -57.032085
-17.122404 -55.184425
95.366035 -59.246628
99.645477 -59.588619
98.466270 -55.281750
95.670937 -57.090473
-16.927137 -53.174110
96.078331 -55.276260
97.112122 -55.492962
95.792084 -54.731819
-13.835895 -53.665745
97.911003 -54.910080
97.831696 -55.133560
95.853096 -55.378250
-15.254273 -55.277740
95.492287 -56.348377
98.908958 -55.709110
-14.971819 -54.220943
