-41.119400 -41.879757
-42.062832 -42.631382
-41.834888 -42.780922
-42.586246 -42.722221
-40.908298 -41.935123
-40.291531 -40.803448
-41.798092 -42.697132
-41.644821 -41.755753
-42.601540 -43.211483
-42.104645 -42.357838
-40.561783 -41.187534
-42.041527 -41.944324
-42.638264 -42.714481
-42.232250 -43.553810
-39.772816 -41.342297
-39.594555 -41.326115
-40.247063 -41.196312
-41.118378 -41.878029
-40.195908 -40.815304
-40.878300 -41.132614
-41.268406 -40.975121
-40.961845 -41.386448
-41.279491 -43.298943
-41.779274 -41.337990
-42.324566 -41.509331
-42.437695 -41.864578
-41.796925 -41.623695
-41.364483 -41.306007
-41.383194 -41.772572
-42.134090 -42.342243
-42.265442 -42.266136
-41.155842 -41.088104
-40.070004 -41.260471
-39.962933 -40.949642
-42.136333 -42.328053
-41.554749 -42.518303
-40.378380 -41.597481
-41.242966 -42.331963
-42.323074 -43.302906
-41.537163 -41.628094
-41.159306 -42.201530
-42.288002 -43.908215
-42.037880 -43.223652
-41.615265 -41.247311
-40.879711 -40.582195
-42.556828 -42.527611
-40.909122 -41.094738
-42.054073 -42.891788
-40.643452 -41.280518
-41.761551 -42.108799
23.353363 -25.305567
24.220034 -25.925133
23.641886 -24.647284
25.614384 -28.478821
24.154549 -25.841755
25.220398 -27.284342
24.304050 -25.555975
26.630955 -28.873381
23.866594 -25.999683
26.037601 -28.325539
26.289049 -29.035841
25.091520 -27.126268
24.840990 -28.614182
24.612509 -26.093998
25.691893 -28.721851
23.583771 -26.129255
25.539389 -26.847979
24.978863 -28.151724
23.956013 -27.317945
25.641069 -28.448803
25.564434 -25.466562
24.723913 -27.753075
24.886736 -25.245613
24.602776 -26.631693
24.113289 -26.777996
23.945381 -26.238787
23.671629 -25.614100
24.188286 -24.382986
25.059217 -26.427975
25.954565 -28.660721
25.669277 -28.770481
25.736256 -28.784172
24.985184 -28.225523
25.458782 -24.780054
25.922941 -27.215765
24.918934 -26.358681
23.981121 -25.351562
24.084579 -27.375366
25.644770 -27.780540
25.556799 -28.323397
25.426893 -27.859518
24.782602 -26.140846
24.980366 -28.221664
26.424927 -28.876047
25.037243 -28.052397
25.501858 -27.668684
25.315033 -27.790615
24.423029 -26.969877
26.591074 -29.140707
25.161022 -27.912960
24.728292 -21.251291
25.897522 -24.396210
23.886148 -21.591797
25.202333 -22.925270
24.668310 -22.018480
22.904610 -21.493189
26.746721 -27.337181
23.109600 -21.396915
24.006861 -22.375141
23.634094 -21.102470
24.669035 -23.273439
25.045706 -23.432724
24.506329 -22.189108
26.064955 -24.777031
26.069891 -23.325674
25.253344 -22.285446
24.902399 -22.829283
22.636301 -21.207294
22.140697 -21.607925
26.060053 -25.134892
24.321115 -21.803896
26.165356 -25.295963
22.529713 -21.418184
24.873901 -24.890245
24.428099 -21.869993
23.507711 -21.485083
24.946819 -25.129665
25.150753 -24.842978
25.026400 -22.238207
23.550245 -21.858444
23.276783 -21.695236
22.542690 -21.888945
25.098190 -22.251789
24.781034 -24.641367
25.688042 -23.816593
23.009357 -21.355841
25.100431 -21.812855
25.072166 -22.738613
25.357878 -25.295511
24.354895 -22.408545
24.644957 -21.868996
24.498957 -22.690701
25.846821 -24.404440
24.243599 -21.660305
24.333443 -21.503979
24.829565 -22.491264
25.349880 -24.085007
24.718914 -23.287937
25.320738 -22.144293
25.498915 -24.295689
